1093
543
132
1368
1962
1909
1826
1252
1598
85
888
1970
30
863
1761
1757
1059
55
660
20
140
1804
480
1069
426
1259
709
1604
751
532
1729
1128
459
1234
86
1039
325
845
1577
152
1372
908
1852
609
61
1223
1263
1011
1109
167
1195
812
1105
1328
275
1711
1983
911
656
1236
807
833
299
1621
1867
2029
190
799
1478
1058
769
1641
1215
1901
1588
894
1258
110
1423
1379
106
1442
314
1932
1913
5
1196
155
783
1244
685
1666
785
451
1726
1143
1673
153
1206
1111
75
1691
1700
936
1527
438
2016
1986
294
326
424
1784
1912
626
447
354
856
929
1250
1051
930
229
597
1814
515
673
412
1509
933
1427
1271
972
1967
671
1364
1915
194
