1684
1509
102
1059
1598
2029
1259
480
856
326
233
1729
1252
785
1412
153
799
1423
1215
1244
737
532
55
1377
1620
1784
190
1747
293
565
1821
1695
1325
1867
1328
520
1077
1388
1930
88
166
194
515
1621
227
1111
1768
807
1128
1058
1604
140
1804
1669
1901
1025
978
1334
1458
1031
2016
200
543
391
1478
1666
1910
275
814
591
1673
1711
1340
935
738
1943
609
85
1814
436
1193
155
709
605
685
1967
1379
1404
285
673
1915
1909
888
1787
142
1932
791
75
1189
1095
106
1335
1641
218
873
1372
1513
1396
1093
229
1823
1852
1577
1167
863
369
1963
1623
354
133
972
1994
1268
1626
1038
1912
438
1913
1263
769
1061
1726
1568
1527
1245
751
459
1180
1105
671
1878
201
1279
264
1427
1090
325
20
511
1614
1206
1051
1491
110
1962
1937
1250
1403
859
426
812
1442
1208
816
1073
778
739
929
412
447
1109
986
1605
167
833
424
626
911
152
1258
854
1826
1983
1986
1859
1143
597
1269
936
1236
1107
1757
1500
783
74
894
86
1011
1195
1761
379
1039
1970
1739
1069
484
1196
1234
845
656
1464
299
61
294
1691
316
451
1364
1271
1368
660
930
1588
908
1223
880
933
1700
1631
30
5
132
314
