383
1074
1122
1410
259
102
1585
819
12
1542
555
2026
1600
1102
1459
1483
625
537
821
708
608
340
1838
668
1982
1047
466
1965
1311
1336
1017
1682
1569
1295
810
1942
2042
76
1959
418
1002
1052
432
956
866
554
745
999
1762
1899
1321
611
126
1918
1538
658
185
552
1648
756
1139
1365
1854
558
119
1316
559
1880
16
1559
1264
224
423
134
998
396
406
2018
1664
342
1654
1479
19
857
1800
363
904
921
1083
649
1720
599
796
1717
1184
1101
528
697
1437
779
1936
1213
1964
1076
529
1510
907
1597
210
881
1919
1477
1677
545
1222
1350
494
449
1408
1219
1246
1898
472
1871
1433
1574
843
1476
448
621
1813
141
606
2031
1923
1133
285
1118
1954
1389
644
1112
567
1373
1893
832
728
1532
610
1849
1084
1156
765
742
1155
1903
786
847
825
128
1171
1546
1674
355
919
700
366
1136
1708
345
1038
724
1006
706
405
806
397
1482
1452
875
1113
1329
795
1520
727
1877
570
458
1241
70
360
1019
1788
996
811
1226
2002
478
808
1056
899
335
1206
2023
1725
683
501
777
1868
1676
98
225
1422
946
1857
1521
780
433
211
407
203
1550
1448
1082
1625
846
963
861
157
571
662
410
469
615
1522
238
1050
1931
287
357
1986
1317
686
1741
722
202
1356
1908
1887
1312
1650
1985
1630
388
1164
983
1656
504
74
135
442
21
319
359
1064
1005
1508
1036
31
306
629
1535
1144
180
1253
1021
519
187
1672
51
1001
1192
876
1229
741
1894
351
435
704
468
1205
139
1315
13
253
1629
