309
1147
29
981
1612
1743
957
1361
824
1896
580
137
425
1972
823
1988
1839
462
959
785
674
54
441
1730
1875
1273
36
1851
663
162
1694
758
1855
118
1991
1567
1240
636
1501
411
1697
1120
1721
1783
675
88
792
1284
289
227
239
1397
1980
69
1976
103
296
1892
793
1804
1883
434
1134
820
1819
1667
887
1812
666
170
1078
1003
216
496
583
338
1067
1850
1924
396
1324
913
1141
353
1177
1969
107
849
1287
649
1649
1910
44
269
937
39
1953
400
893
860
145
1333
918
278
620
210
1943
116
1185
1916
290
1475
1995
1108
32
165
530
1404
1181
266
1947
622
1765
1472
1955
177
635
897
305
1104
213
1100
25
256
1351
1853
17
1095
1549
1832
1283
1372
267
453
420
191
159
1848
1326
184
1699
1537
1065
1546
1182
354
1782
922
48
525
182
6
694
199
1199
699
1709
1267
1211
715
1384
1439
1712
1611
850
1040
506
1865
1878
1154
286
915
52
789
463
1249
535
885
1140
1876
1327
647
1176
476
83
596
168
1434
1299
898
414
680
188
1022
1471
641
1790
679
1690
125
1044
2021
973
1020
2020
1496
1643
1586
311
1260
236
152
347
1713
1763
232
1680
1300
1944
1086
1770
1750
754
853
772
1466
1801
486
1735
1670
7
2030
1374
1218
64
1799
1610
1618
1045
1645
127
2038
475
277
222
1929
231
1516
14
1536
1144
1882
1096
656
1528
768
670
346
235
473
437
1271
1212
1840
47
660
1272
214
1498
1891
1872
1097
153
1490
1214
