638
1147
1638
1716
1041
1512
2035
1059
2029
574
1542
975
2026
1037
856
1483
710
1119
502
1693
608
821
364
340
348
179
1982
970
668
441
1965
1555
782
1273
310
663
23
1348
73
733
634
293
565
866
646
1927
1792
1077
1930
2046
1388
538
1120
84
57
1284
227
552
1115
395
1139
80
119
296
1892
820
1322
1667
279
1255
1901
92
479
998
1277
1627
1654
1571
1800
186
921
1755
1083
1179
270
1717
281
1772
591
1098
779
860
1407
2015
278
529
1510
1597
1304
1032
1731
858
443
290
1210
1658
687
709
631
714
1898
841
165
685
32
605
59
917
285
2031
897
527
1118
213
1843
2041
1296
218
781
1832
268
577
1833
873
267
24
1513
931
331
450
1941
1848
1309
1601
1545
1736
2037
1182
938
700
1375
1416
702
438
1482
1089
1199
1622
1856
1046
2027
1420
1744
459
1329
1018
600
952
1878
360
1426
392
808
955
337
498
596
761
349
1725
1130
871
997
1022
1142
1790
941
816
1486
181
877
523
1904
911
626
1657
424
736
347
1749
940
615
1951
1522
1750
1366
2004
1191
740
247
1066
3
1356
1269
2044
1908
1312
1374
900
40
205
735
1745
220
1135
442
746
2011
1970
475
1036
244
1739
1362
158
1581
2039
1485
974
1882
1096
1234
1771
1572
62
1368
485
1272
214
1696
323
1068
1872
750
138
1393
1709
765
1973
1214
1880
