1506
638
1984
78
1585
2029
1170
1361
223
1259
480
1461
261
502
326
132
823
1270
612
318
1474
608
380
838
45
1838
674
441
1965
1190
2022
1273
844
1244
1029
628
560
1091
1694
1620
1534
315
1503
432
1867
837
1564
1328
57
2046
1783
575
185
760
1414
1257
1648
515
42
362
103
1305
119
386
1978
655
1669
1398
1646
583
1173
1031
691
242
342
913
1700
1177
1386
2016
1863
270
747
274
1666
281
1906
1204
101
705
528
951
1661
1213
1579
1314
678
1330
1308
377
1597
1732
2005
1683
1178
914
1354
802
858
352
155
436
687
327
1639
815
1589
372
2040
1813
1947
606
178
1923
595
1663
305
1389
1954
1007
41
567
798
1095
308
577
27
490
1331
331
1796
1214
742
667
1525
1971
1242
1577
762
1679
343
786
1827
243
825
1401
548
971
1274
1149
1014
366
1375
1355
694
769
1726
22
46
1046
1211
1023
465
506
682
1105
1154
264
1019
1993
1981
408
1140
204
1176
1429
498
1432
761
578
1868
245
110
390
1395
1403
679
1938
573
1158
1163
884
97
778
350
282
929
986
1992
249
833
662
770
241
517
1425
410
1763
940
469
505
853
772
1050
2032
1986
486
686
900
1640
1164
1630
1799
1417
1515
894
1045
359
8
1418
901
581
151
1702
222
1739
980
14
1966
158
629
1485
1760
1196
656
1882
1672
346
332
235
58
401
451
1889
398
47
485
945
882
212
1830
1701
43
1631
647
1131
643
324
5
1734
1880
