309
385
1512
2029
1361
1483
625
1693
608
821
537
340
1795
668
785
674
1965
153
1273
1311
1017
1682
1000
663
1348
2042
293
1855
1391
1991
866
636
1792
830
2046
611
538
126
1918
88
185
1284
658
227
792
756
1397
1768
42
119
558
820
1322
1819
1667
279
1559
1255
170
134
479
1850
998
396
353
1654
1571
1177
818
363
921
270
649
1179
1478
1649
528
893
1953
1333
1213
1304
278
210
1597
1943
881
1477
1731
1677
545
443
290
1219
1898
631
1871
32
1404
448
1476
141
285
2031
1923
1133
1955
897
1389
253
644
213
1843
603
1095
1296
577
1372
268
267
453
1513
1601
243
786
1546
366
354
345
1038
724
6
1482
397
1199
1452
1709
2027
1744
1113
1329
1018
1712
952
850
727
1040
1878
915
1019
1788
463
1140
899
808
647
1429
596
1206
761
349
501
1868
1130
245
225
98
898
1299
680
1857
1422
1142
1022
1790
816
211
716
203
1486
1448
929
1586
662
626
236
152
347
1749
940
1944
1522
1770
2004
754
1050
1986
1801
1317
686
722
1670
1908
1312
1374
1356
1887
1164
486
1745
442
21
319
1418
1005
277
222
231
1966
306
629
158
1144
974
1882
1096
656
1581
473
741
1271
47
1588
1272
214
1891
1872
468
1316
1131
765
13
1734
1880
